{
  "camera_angle_x": 0.6911112070083618,
  "frames": [
    {
      "file_path": "./images/img_000",
      "transform_matrix": [
        [
          0.0,
          -0.24253562503633297,
          0.9701425001453319,
          4.0
        ],
        [
          0.0,
          0.9701425001453319,
          0.24253562503633297,
          1.0
        ],
        [
          -1.0,
          0.0,
          0.0,
          0.0
        ],
        [
          0.0,
          0.0,
          0.0,
          1.0
        ]
      ]
    },
    {
      "file_path": "./images/img_001",
      "transform_matrix": [
        [
          0.06279051952931337,
          -0.24205703638231738,
          0.9682281455292695,
          3.9921069137130862
        ],
        [
          0.0,
          0.9701425001453319,
          0.24253562503633297,
          1.0
        ],
        [
          -0.9980267284282716,
          -0.01522893790039809,
          0.06091575160159236,
          0.2511620781172535
        ],
        [
          0.0,
          0.0,
          0.0,
          1.0
        ]
      ]
    },
    {
      "file_path": "./images/img_002",
      "transform_matrix": [
        [
          0.12533323356430426,
          -0.24062315919104169,
          0.9624926367641667,
          3.9684588052579115
        ],
        [
          0.0,
          0.9701425001453319,
          0.24253562503633297,
          1.0
        ],
        [
          -0.9921147013144779,
          -0.03039777414034324,
          0.12159109656137296,
          0.501332934257217
        ],
        [
          0.0,
          0.0,
          0.0,
          1.0
        ]
      ]
    },
    {
      "file_path": "./images/img_003",
      "transform_matrix": [
        [
          0.18738131458572463,
          -0.23823965232070363,
          0.9529586092828145,
          3.929149002914755
        ],
        [
          0.0,
          0.970142500145332,
          0.24253562503633297,
          1.0
        ],
        [
          -0.9822872507286887,
          -0.04544664425317846,
          0.18178657701271383,
          0.7495252583428985
        ],
        [
          0.0,
          0.0,
          0.0,
          1.0
        ]
      ]
    },
    {
      "file_path": "./images/img_004",
      "transform_matrix": [
        [
          0.2486898871648548,
          -0.23491592238399975,
          0.939663689535999,
          3.8743326445145243
        ],
        [
          0.0,
          0.9701425001453319,
          0.24253562503633297,
          1.0
        ],
        [
          -0.9685831611286311,
          -0.06031615722374318,
          0.24126462889497272,
          0.9947595486594192
        ],
        [
          0.0,
          0.0,
          0.0,
          1.0
        ]
      ]
    },
    {
      "file_path": "./images/img_005",
      "transform_matrix": [
        [
          0.3090169943749474,
          -0.23066508662452245,
          0.9226603464980898,
          3.804226065180614
        ],
        [
          0.0,
          0.9701425001453318,
          0.24253562503633297,
          1.0
        ],
        [
          -0.9510565162951535,
          -0.07494762987757686,
          0.29979051951030744,
          1.2360679774997896
        ],
        [
          0.0,
          0.0,
          0.0,
          1.0
        ]
      ]
    },
    {
      "file_path": "./images/img_006",
      "transform_matrix": [
        [
          0.36812455268467803,
          -0.2255039211489923,
          0.902015684595969,
          3.7191059435530054
        ],
        [
          0.0,
          0.9701425001453319,
          0.24253562503633297,
          1.0
        ],
        [
          -0.9297764858882515,
          -0.08928331847659887,
          0.35713327390639543,
          1.472498210738712
        ],
        [
          0.0,
          0.0,
          0.0,
          1.0
        ]
      ]
    },
    {
      "file_path": "./images/img_007",
      "transform_matrix": [
        [
          0.4257792915650727,
          -0.2194527947196289,
          0.8778111788785156,
          3.619308209864078
        ],
        [
          0.0,
          0.9701425001453319,
          0.24253562503633297,
          1.0
        ],
        [
          -0.9048270524660196,
          -0.10326664660726197,
          0.41306658642904787,
          1.7031171662602909
        ],
        [
          0.0,
          0.0,
          0.0,
          1.0
        ]
      ]
    },
    {
      "file_path": "./images/img_008",
      "transform_matrix": [
        [
          0.4817536741017153,
          -0.2125355883679523,
          0.8501423534718092,
          3.5052267201754543
        ],
        [
          0.0,
          0.970142500145332,
          0.24253562503633297,
          1.0
        ],
        [
          -0.8763066800438636,
          -0.11684242846180938,
          0.4673697138472375,
          1.9270146964068613
        ],
        [
          0.0,
          0.0,
          0.0,
          1.0
        ]
      ]
    },
    {
      "file_path": "./images/img_009",
      "transform_matrix": [
        [
          0.5358267949789967,
          -0.2047796011472616,
          0.8191184045890464,
          3.3773117020080603
        ],
        [
          0.0,
          0.9701425001453319,
          0.24253562503633297,
          1.0
        ],
        [
          -0.8443279255020151,
          -0.129957086631446,
          0.519828346525784,
          2.1433071799159866
        ],
        [
          0.0,
          0.0,
          0.0,
          1.0
        ]
      ]
    },
    {
      "file_path": "./images/img_010",
      "transform_matrix": [
        [
          0.5877852522924731,
          -0.19621544239574334,
          0.7848617695829734,
          3.23606797749979
        ],
        [
          0.0,
          0.9701425001453319,
          0.24253562503633297,
          1.0
        ],
        [
          -0.8090169943749475,
          -0.14255886355189365,
          0.5702354542075746,
          2.3511410091698925
        ],
        [
          0.0,
          0.0,
          0.0,
          1.0
        ]
      ]
    },
    {
      "file_path": "./images/img_011",
      "transform_matrix": [
        [
          0.6374239897486897,
          -0.1868769109353978,
          0.7475076437415912,
          3.0820529711031566
        ],
        [
          0.0,
          0.9701425001453318,
          0.24253562503633297,
          1.0
        ],
        [
          -0.7705132427757891,
          -0.15459802576685155,
          0.6183921030674062,
          2.549695958994759
        ],
        [
          0.0,
          0.0,
          0.0,
          1.0
        ]
      ]
    },
    {
      "file_path": "./images/img_012",
      "transform_matrix": [
        [
          0.6845471059286886,
          -0.1768008616835298,
          0.7072034467341192,
          2.915874509685646
        ],
        [
          0.0,
          0.970142500145332,
          0.24253562503633297,
          1.0
        ],
        [
          -0.7289686274214116,
          -0.16602706020322733,
          0.6641082408129094,
          2.738188423714755
        ],
        [
          0.0,
          0.0,
          0.0,
          1.0
        ]
      ]
    },
    {
      "file_path": "./images/img_013",
      "transform_matrix": [
        [
          0.7289686274214116,
          -0.16602706020322733,
          0.6641082408129093,
          2.7381884237147545
        ],
        [
          0.0,
          0.9701425001453319,
          0.24253562503633297,
          1.0
        ],
        [
          -0.6845471059286886,
          -0.1768008616835298,
          0.7072034467341192,
          2.915874509685646
        ],
        [
          0.0,
          0.0,
          0.0,
          1.0
        ]
      ]
    },
    {
      "file_path": "./images/img_014",
      "transform_matrix": [
        [
          0.7705132427757893,
          -0.15459802576685155,
          0.6183921030674062,
          2.5496959589947585
        ],
        [
          0.0,
          0.9701425001453319,
          0.24253562503633297,
          1.0
        ],
        [
          -0.6374239897486897,
          -0.18687691093539782,
          0.7475076437415913,
          3.082052971103157
        ],
        [
          0.0,
          0.0,
          0.0,
          1.0
        ]
      ]
    },
    {
      "file_path": "./images/img_015",
      "transform_matrix": [
        [
          0.8090169943749475,
          -0.14255886355189362,
          0.5702354542075745,
          2.351141009169892
        ],
        [
          0.0,
          0.9701425001453318,
          0.24253562503633297,
          1.0
        ],
        [
          -0.587785252292473,
          -0.19621544239574334,
          0.7848617695829734,
          3.23606797749979
        ],
        [
          0.0,
          0.0,
          0.0,
          1.0
        ]
      ]
    },
    {
      "file_path": "./images/img_016",
      "transform_matrix": [
        [
          0.8443279255020151,
          -0.12995708663144598,
          0.5198283465257839,
          2.143307179915986
        ],
        [
          0.0,
          0.9701425001453318,
          0.24253562503633297,
          1.0
        ],
        [
          -0.5358267949789965,
          -0.2047796011472616,
          0.8191184045890464,
          3.3773117020080603
        ],
        [
          0.0,
          0.0,
          0.0,
          1.0
        ]
      ]
    },
    {
      "file_path": "./images/img_017",
      "transform_matrix": [
        [
          0.8763066800438637,
          -0.11684242846180934,
          0.46736971384723736,
          1.9270146964068606
        ],
        [
          0.0,
          0.9701425001453319,
          0.24253562503633297,
          1.0
        ],
        [
          -0.48175367410171516,
          -0.21253558836795233,
          0.8501423534718093,
          3.505226720175455
        ],
        [
          0.0,
          0.0,
          0.0,
          1.0
        ]
      ]
    },
    {
      "file_path": "./images/img_018",
      "transform_matrix": [
        [
          0.9048270524660196,
          -0.10326664660726194,
          0.4130665864290478,
          1.7031171662602906
        ],
        [
          0.0,
          0.970142500145332,
          0.24253562503633297,
          1.0
        ],
        [
          -0.4257792915650726,
          -0.2194527947196289,
          0.8778111788785157,
          3.6193082098640783
        ],
        [
          0.0,
          0.0,
          0.0,
          1.0
        ]
      ]
    },
    {
      "file_path": "./images/img_019",
      "transform_matrix": [
        [
          0.9297764858882515,
          -0.08928331847659883,
          0.3571332739063953,
          1.4724982107387115
        ],
        [
          0.0,
          0.9701425001453319,
          0.24253562503633297,
          1.0
        ],
        [
          -0.36812455268467786,
          -0.2255039211489923,
          0.9020156845959691,
          3.719105943553006
        ],
        [
          0.0,
          0.0,
          0.0,
          1.0
        ]
      ]
    },
    {
      "file_path": "./images/img_020",
      "transform_matrix": [
        [
          0.9510565162951535,
          -0.07494762987757687,
          0.2997905195103075,
          1.2360679774997898
        ],
        [
          0.0,
          0.9701425001453318,
          0.24253562503633297,
          1.0
        ],
        [
          -0.30901699437494745,
          -0.23066508662452245,
          0.9226603464980898,
          3.804226065180614
        ],
        [
          0.0,
          0.0,
          0.0,
          1.0
        ]
      ]
    },
    {
      "file_path": "./images/img_021",
      "transform_matrix": [
        [
          0.9685831611286311,
          -0.060316157223743165,
          0.24126462889497266,
          0.994759548659419
        ],
        [
          0.0,
          0.9701425001453318,
          0.24253562503633297,
          1.0
        ],
        [
          -0.24868988716485474,
          -0.23491592238399975,
          0.939663689535999,
          3.8743326445145243
        ],
        [
          0.0,
          0.0,
          0.0,
          1.0
        ]
      ]
    },
    {
      "file_path": "./images/img_022",
      "transform_matrix": [
        [
          0.9822872507286887,
          -0.04544664425317843,
          0.18178657701271372,
          0.7495252583428981
        ],
        [
          0.0,
          0.9701425001453319,
          0.24253562503633297,
          1.0
        ],
        [
          -0.18738131458572452,
          -0.23823965232070363,
          0.9529586092828145,
          3.929149002914755
        ],
        [
          0.0,
          0.0,
          0.0,
          1.0
        ]
      ]
    },
    {
      "file_path": "./images/img_023",
      "transform_matrix": [
        [
          0.9921147013144779,
          -0.03039777414034324,
          0.12159109656137296,
          0.501332934257217
        ],
        [
          0.0,
          0.9701425001453319,
          0.24253562503633297,
          1.0
        ],
        [
          -0.12533323356430426,
          -0.24062315919104169,
          0.9624926367641667,
          3.9684588052579115
        ],
        [
          0.0,
          0.0,
          0.0,
          1.0
        ]
      ]
    },
    {
      "file_path": "./images/img_024",
      "transform_matrix": [
        [
          0.9980267284282716,
          -0.015228937900398073,
          0.060915751601592294,
          0.2511620781172532
        ],
        [
          0.0,
          0.9701425001453319,
          0.24253562503633297,
          1.0
        ],
        [
          -0.0627905195293133,
          -0.24205703638231738,
          0.9682281455292695,
          3.9921069137130862
        ],
        [
          0.0,
          0.0,
          0.0,
          1.0
        ]
      ]
    },
    {
      "file_path": "./images/img_025",
      "transform_matrix": [
        [
          1.0,
          3.900270319744069e-17,
          -1.5601081278976276e-16,
          -6.432490598706545e-16
        ],
        [
          -0.0,
          0.9701425001453319,
          0.24253562503633297,
          1.0
        ],
        [
          1.6081226496766364e-16,
          -0.24253562503633297,
          0.9701425001453319,
          4.0
        ],
        [
          0.0,
          0.0,
          0.0,
          1.0
        ]
      ]
    },
    {
      "file_path": "./images/img_026",
      "transform_matrix": [
        [
          0.9980267284282716,
          0.015228937900398098,
          -0.06091575160159239,
          -0.2511620781172536
        ],
        [
          -0.0,
          0.9701425001453319,
          0.24253562503633297,
          1.0
        ],
        [
          0.0627905195293134,
          -0.24205703638231738,
          0.9682281455292695,
          3.9921069137130862
        ],
        [
          0.0,
          0.0,
          0.0,
          1.0
        ]
      ]
    },
    {
      "file_path": "./images/img_027",
      "transform_matrix": [
        [
          0.9921147013144778,
          0.030397774140343267,
          -0.12159109656137307,
          -0.5013329342572175
        ],
        [
          -0.0,
          0.9701425001453318,
          0.24253562503633297,
          1.0
        ],
        [
          0.12533323356430437,
          -0.24062315919104166,
          0.9624926367641666,
          3.968458805257911
        ],
        [
          0.0,
          0.0,
          0.0,
          1.0
        ]
      ]
    },
    {
      "file_path": "./images/img_028",
      "transform_matrix": [
        [
          0.9822872507286886,
          0.04544664425317851,
          -0.18178657701271403,
          -0.7495252583428993
        ],
        [
          -0.0,
          0.9701425001453318,
          0.24253562503633297,
          1.0
        ],
        [
          0.18738131458572482,
          -0.2382396523207036,
          0.9529586092828144,
          3.9291490029147544
        ],
        [
          0.0,
          0.0,
          0.0,
          1.0
        ]
      ]
    },
    {
      "file_path": "./images/img_029",
      "transform_matrix": [
        [
          0.9685831611286311,
          0.06031615722374319,
          -0.24126462889497277,
          -0.9947595486594194
        ],
        [
          -0.0,
          0.9701425001453319,
          0.24253562503633297,
          1.0
        ],
        [
          0.24868988716485485,
          -0.23491592238399975,
          0.939663689535999,
          3.8743326445145243
        ],
        [
          0.0,
          0.0,
          0.0,
          1.0
        ]
      ]
    },
    {
      "file_path": "./images/img_030",
      "transform_matrix": [
        [
          0.9510565162951535,
          0.0749476298775769,
          -0.2997905195103076,
          -1.2360679774997902
        ],
        [
          -0.0,
          0.9701425001453319,
          0.24253562503633297,
          1.0
        ],
        [
          0.30901699437494756,
          -0.23066508662452245,
          0.9226603464980898,
          3.804226065180614
        ],
        [
          0.0,
          0.0,
          0.0,
          1.0
        ]
      ]
    },
    {
      "file_path": "./images/img_031",
      "transform_matrix": [
        [
          0.9297764858882515,
          0.08928331847659887,
          -0.35713327390639543,
          -1.472498210738712
        ],
        [
          -0.0,
          0.9701425001453319,
          0.24253562503633297,
          1.0
        ],
        [
          0.36812455268467803,
          -0.2255039211489923,
          0.902015684595969,
          3.7191059435530054
        ],
        [
          0.0,
          0.0,
          0.0,
          1.0
        ]
      ]
    },
    {
      "file_path": "./images/img_032",
      "transform_matrix": [
        [
          0.9048270524660196,
          0.10326664660726197,
          -0.41306658642904787,
          -1.7031171662602909
        ],
        [
          -0.0,
          0.9701425001453319,
          0.24253562503633297,
          1.0
        ],
        [
          0.4257792915650727,
          -0.2194527947196289,
          0.8778111788785156,
          3.619308209864078
        ],
        [
          0.0,
          0.0,
          0.0,
          1.0
        ]
      ]
    },
    {
      "file_path": "./images/img_033",
      "transform_matrix": [
        [
          0.8763066800438635,
          0.11684242846180941,
          -0.46736971384723763,
          -1.9270146964068617
        ],
        [
          -0.0,
          0.9701425001453319,
          0.24253562503633297,
          1.0
        ],
        [
          0.48175367410171543,
          -0.21253558836795228,
          0.8501423534718091,
          3.505226720175454
        ],
        [
          0.0,
          0.0,
          0.0,
          1.0
        ]
      ]
    },
    {
      "file_path": "./images/img_034",
      "transform_matrix": [
        [
          0.844327925502015,
          0.12995708663144606,
          -0.5198283465257842,
          -2.1433071799159875
        ],
        [
          -0.0,
          0.9701425001453319,
          0.24253562503633297,
          1.0
        ],
        [
          0.5358267949789969,
          -0.20477960114726157,
          0.8191184045890463,
          3.37731170200806
        ],
        [
          0.0,
          0.0,
          0.0,
          1.0
        ]
      ]
    },
    {
      "file_path": "./images/img_035",
      "transform_matrix": [
        [
          0.8090169943749475,
          0.14255886355189362,
          -0.5702354542075745,
          -2.351141009169892
        ],
        [
          -0.0,
          0.9701425001453318,
          0.24253562503633297,
          1.0
        ],
        [
          0.587785252292473,
          -0.19621544239574334,
          0.7848617695829734,
          3.23606797749979
        ],
        [
          0.0,
          0.0,
          0.0,
          1.0
        ]
      ]
    },
    {
      "file_path": "./images/img_036",
      "transform_matrix": [
        [
          0.7705132427757893,
          0.15459802576685155,
          -0.6183921030674062,
          -2.549695958994759
        ],
        [
          -0.0,
          0.9701425001453319,
          0.24253562503633297,
          1.0
        ],
        [
          0.6374239897486897,
          -0.18687691093539782,
          0.7475076437415913,
          3.082052971103157
        ],
        [
          0.0,
          0.0,
          0.0,
          1.0
        ]
      ]
    },
    {
      "file_path": "./images/img_037",
      "transform_matrix": [
        [
          0.7289686274214114,
          0.16602706020322736,
          -0.6641082408129094,
          -2.738188423714755
        ],
        [
          -0.0,
          0.9701425001453319,
          0.24253562503633297,
          1.0
        ],
        [
          0.6845471059286887,
          -0.17680086168352976,
          0.7072034467341191,
          2.9158745096856458
        ],
        [
          0.0,
          0.0,
          0.0,
          1.0
        ]
      ]
    },
    {
      "file_path": "./images/img_038",
      "transform_matrix": [
        [
          0.6845471059286885,
          0.17680086168352982,
          -0.7072034467341193,
          -2.9158745096856467
        ],
        [
          -0.0,
          0.9701425001453319,
          0.24253562503633297,
          1.0
        ],
        [
          0.7289686274214117,
          -0.1660270602032273,
          0.6641082408129092,
          2.738188423714754
        ],
        [
          0.0,
          0.0,
          0.0,
          1.0
        ]
      ]
    },
    {
      "file_path": "./images/img_039",
      "transform_matrix": [
        [
          0.6374239897486895,
          0.18687691093539782,
          -0.7475076437415914,
          -3.0820529711031575
        ],
        [
          -0.0,
          0.9701425001453318,
          0.24253562503633297,
          1.0
        ],
        [
          0.7705132427757893,
          -0.1545980257668515,
          0.6183921030674061,
          2.549695958994758
        ],
        [
          0.0,
          0.0,
          0.0,
          1.0
        ]
      ]
    },
    {
      "file_path": "./images/img_040",
      "transform_matrix": [
        [
          0.5877852522924732,
          0.19621544239574332,
          -0.7848617695829733,
          -3.2360679774997894
        ],
        [
          -0.0,
          0.9701425001453319,
          0.24253562503633297,
          1.0
        ],
        [
          0.8090169943749473,
          -0.14255886355189368,
          0.5702354542075747,
          2.351141009169893
        ],
        [
          0.0,
          0.0,
          0.0,
          1.0
        ]
      ]
    },
    {
      "file_path": "./images/img_041",
      "transform_matrix": [
        [
          0.5358267949789967,
          0.2047796011472616,
          -0.8191184045890464,
          -3.3773117020080603
        ],
        [
          -0.0,
          0.9701425001453319,
          0.24253562503633297,
          1.0
        ],
        [
          0.8443279255020151,
          -0.129957086631446,
          0.519828346525784,
          2.1433071799159866
        ],
        [
          0.0,
          0.0,
          0.0,
          1.0
        ]
      ]
    },
    {
      "file_path": "./images/img_042",
      "transform_matrix": [
        [
          0.4817536741017152,
          0.2125355883679523,
          -0.8501423534718092,
          -3.5052267201754543
        ],
        [
          -0.0,
          0.9701425001453319,
          0.24253562503633297,
          1.0
        ],
        [
          0.8763066800438636,
          -0.11684242846180935,
          0.4673697138472374,
          1.9270146964068608
        ],
        [
          0.0,
          0.0,
          0.0,
          1.0
        ]
      ]
    },
    {
      "file_path": "./images/img_043",
      "transform_matrix": [
        [
          0.4257792915650725,
          0.21945279471962892,
          -0.8778111788785157,
          -3.6193082098640783
        ],
        [
          -0.0,
          0.970142500145332,
          0.24253562503633297,
          1.0
        ],
        [
          0.9048270524660197,
          -0.10326664660726191,
          0.41306658642904764,
          1.70311716626029
        ],
        [
          0.0,
          0.0,
          0.0,
          1.0
        ]
      ]
    },
    {
      "file_path": "./images/img_044",
      "transform_matrix": [
        [
          0.36812455268467775,
          0.2255039211489923,
          -0.9020156845959691,
          -3.719105943553006
        ],
        [
          -0.0,
          0.9701425001453319,
          0.24253562503633297,
          1.0
        ],
        [
          0.9297764858882515,
          -0.0892833184765988,
          0.3571332739063952,
          1.472498210738711
        ],
        [
          0.0,
          0.0,
          0.0,
          1.0
        ]
      ]
    },
    {
      "file_path": "./images/img_045",
      "transform_matrix": [
        [
          0.3090169943749471,
          0.23066508662452248,
          -0.9226603464980899,
          -3.8042260651806146
        ],
        [
          -0.0,
          0.9701425001453318,
          0.24253562503633297,
          1.0
        ],
        [
          0.9510565162951536,
          -0.07494762987757679,
          0.29979051951030716,
          1.2360679774997885
        ],
        [
          0.0,
          0.0,
          0.0,
          1.0
        ]
      ]
    },
    {
      "file_path": "./images/img_046",
      "transform_matrix": [
        [
          0.24868988716485482,
          0.23491592238399975,
          -0.939663689535999,
          -3.8743326445145243
        ],
        [
          -0.0,
          0.9701425001453319,
          0.24253562503633297,
          1.0
        ],
        [
          0.9685831611286311,
          -0.060316157223743186,
          0.24126462889497274,
          0.9947595486594193
        ],
        [
          0.0,
          0.0,
          0.0,
          1.0
        ]
      ]
    },
    {
      "file_path": "./images/img_047",
      "transform_matrix": [
        [
          0.18738131458572457,
          0.23823965232070363,
          -0.9529586092828145,
          -3.929149002914755
        ],
        [
          -0.0,
          0.9701425001453319,
          0.24253562503633297,
          1.0
        ],
        [
          0.9822872507286887,
          -0.045446644253178445,
          0.18178657701271378,
          0.7495252583428983
        ],
        [
          0.0,
          0.0,
          0.0,
          1.0
        ]
      ]
    },
    {
      "file_path": "./images/img_048",
      "transform_matrix": [
        [
          0.1253332335643041,
          0.24062315919104169,
          -0.9624926367641667,
          -3.9684588052579115
        ],
        [
          -0.0,
          0.9701425001453319,
          0.24253562503633297,
          1.0
        ],
        [
          0.9921147013144779,
          -0.030397774140343198,
          0.12159109656137279,
          0.5013329342572164
        ],
        [
          0.0,
          0.0,
          0.0,
          1.0
        ]
      ]
    },
    {
      "file_path": "./images/img_049",
      "transform_matrix": [
        [
          0.06279051952931314,
          0.24205703638231738,
          -0.9682281455292695,
          -3.9921069137130862
        ],
        [
          -0.0,
          0.9701425001453318,
          0.24253562503633297,
          1.0
        ],
        [
          0.9980267284282716,
          -0.015228937900398034,
          0.060915751601592134,
          0.25116207811725255
        ],
        [
          0.0,
          0.0,
          0.0,
          1.0
        ]
      ]
    },
    {
      "file_path": "./images/img_050",
      "transform_matrix": [
        [
          -3.216245299353273e-16,
          0.24253562503633297,
          -0.9701425001453319,
          -4.0
        ],
        [
          0.0,
          0.9701425001453319,
          0.24253562503633297,
          1.0
        ],
        [
          1.0,
          7.800540639488139e-17,
          -3.1202162557952556e-16,
          -1.2864981197413093e-15
        ],
        [
          0.0,
          0.0,
          0.0,
          1.0
        ]
      ]
    },
    {
      "file_path": "./images/img_051",
      "transform_matrix": [
        [
          -0.06279051952931335,
          0.24205703638231738,
          -0.9682281455292695,
          -3.9921069137130862
        ],
        [
          0.0,
          0.9701425001453319,
          0.24253562503633297,
          1.0
        ],
        [
          0.9980267284282716,
          0.015228937900398084,
          -0.060915751601592336,
          -0.2511620781172534
        ],
        [
          0.0,
          0.0,
          0.0,
          1.0
        ]
      ]
    },
    {
      "file_path": "./images/img_052",
      "transform_matrix": [
        [
          -0.12533323356430429,
          0.24062315919104169,
          -0.9624926367641667,
          -3.9684588052579115
        ],
        [
          0.0,
          0.9701425001453319,
          0.24253562503633297,
          1.0
        ],
        [
          0.9921147013144779,
          0.030397774140343246,
          -0.12159109656137299,
          -0.5013329342572171
        ],
        [
          0.0,
          0.0,
          0.0,
          1.0
        ]
      ]
    },
    {
      "file_path": "./images/img_053",
      "transform_matrix": [
        [
          -0.18738131458572477,
          0.2382396523207036,
          -0.9529586092828144,
          -3.9291490029147544
        ],
        [
          0.0,
          0.9701425001453318,
          0.24253562503633297,
          1.0
        ],
        [
          0.9822872507286886,
          0.04544664425317849,
          -0.18178657701271397,
          -0.7495252583428991
        ],
        [
          0.0,
          0.0,
          0.0,
          1.0
        ]
      ]
    },
    {
      "file_path": "./images/img_054",
      "transform_matrix": [
        [
          -0.24868988716485502,
          0.23491592238399975,
          -0.939663689535999,
          -3.8743326445145243
        ],
        [
          0.0,
          0.9701425001453319,
          0.24253562503633297,
          1.0
        ],
        [
          0.9685831611286311,
          0.060316157223743234,
          -0.24126462889497294,
          -0.9947595486594201
        ],
        [
          0.0,
          0.0,
          0.0,
          1.0
        ]
      ]
    },
    {
      "file_path": "./images/img_055",
      "transform_matrix": [
        [
          -0.3090169943749478,
          0.23066508662452245,
          -0.9226603464980898,
          -3.804226065180614
        ],
        [
          0.0,
          0.970142500145332,
          0.24253562503633297,
          1.0
        ],
        [
          0.9510565162951535,
          0.07494762987757694,
          -0.2997905195103078,
          -1.236067977499791
        ],
        [
          0.0,
          0.0,
          0.0,
          1.0
        ]
      ]
    },
    {
      "file_path": "./images/img_056",
      "transform_matrix": [
        [
          -0.3681245526846783,
          0.22550392114899223,
          -0.9020156845959689,
          -3.719105943553005
        ],
        [
          0.0,
          0.9701425001453318,
          0.24253562503633297,
          1.0
        ],
        [
          0.9297764858882512,
          0.08928331847659894,
          -0.35713327390639577,
          -1.4724982107387132
        ],
        [
          0.0,
          0.0,
          0.0,
          1.0
        ]
      ]
    },
    {
      "file_path": "./images/img_057",
      "transform_matrix": [
        [
          -0.42577929156507266,
          0.2194527947196289,
          -0.8778111788785156,
          -3.619308209864078
        ],
        [
          0.0,
          0.9701425001453319,
          0.24253562503633297,
          1.0
        ],
        [
          0.9048270524660196,
          0.10326664660726195,
          -0.4130665864290478,
          -1.7031171662602906
        ],
        [
          0.0,
          0.0,
          0.0,
          1.0
        ]
      ]
    },
    {
      "file_path": "./images/img_058",
      "transform_matrix": [
        [
          -0.48175367410171543,
          0.2125355883679523,
          -0.8501423534718091,
          -3.505226720175454
        ],
        [
          0.0,
          0.9701425001453319,
          0.24253562503633297,
          1.0
        ],
        [
          0.8763066800438636,
          0.11684242846180941,
          -0.4673697138472376,
          -1.9270146964068615
        ],
        [
          0.0,
          0.0,
          0.0,
          1.0
        ]
      ]
    },
    {
      "file_path": "./images/img_059",
      "transform_matrix": [
        [
          -0.5358267949789968,
          0.20477960114726157,
          -0.8191184045890463,
          -3.37731170200806
        ],
        [
          0.0,
          0.9701425001453318,
          0.24253562503633297,
          1.0
        ],
        [
          0.844327925502015,
          0.12995708663144603,
          -0.5198283465257841,
          -2.143307179915987
        ],
        [
          0.0,
          0.0,
          0.0,
          1.0
        ]
      ]
    },
    {
      "file_path": "./images/img_060",
      "transform_matrix": [
        [
          -0.5877852522924734,
          0.1962154423957433,
          -0.7848617695829732,
          -3.236067977499789
        ],
        [
          0.0,
          0.9701425001453319,
          0.24253562503633297,
          1.0
        ],
        [
          0.8090169943749472,
          0.1425588635518937,
          -0.5702354542075748,
          -2.3511410091698934
        ],
        [
          0.0,
          0.0,
          0.0,
          1.0
        ]
      ]
    },
    {
      "file_path": "./images/img_061",
      "transform_matrix": [
        [
          -0.63742398974869,
          0.18687691093539777,
          -0.7475076437415911,
          -3.082052971103156
        ],
        [
          0.0,
          0.9701425001453319,
          0.24253562503633297,
          1.0
        ],
        [
          0.770513242775789,
          0.1545980257668516,
          -0.6183921030674064,
          -2.54969595899476
        ],
        [
          0.0,
          0.0,
          0.0,
          1.0
        ]
      ]
    },
    {
      "file_path": "./images/img_062",
      "transform_matrix": [
        [
          -0.6845471059286886,
          0.1768008616835298,
          -0.7072034467341192,
          -2.915874509685646
        ],
        [
          0.0,
          0.970142500145332,
          0.24253562503633297,
          1.0
        ],
        [
          0.7289686274214116,
          0.16602706020322733,
          -0.6641082408129094,
          -2.738188423714755
        ],
        [
          0.0,
          0.0,
          0.0,
          1.0
        ]
      ]
    },
    {
      "file_path": "./images/img_063",
      "transform_matrix": [
        [
          -0.7289686274214116,
          0.16602706020322733,
          -0.6641082408129093,
          -2.7381884237147545
        ],
        [
          0.0,
          0.9701425001453319,
          0.24253562503633297,
          1.0
        ],
        [
          0.6845471059286886,
          0.1768008616835298,
          -0.7072034467341192,
          -2.915874509685646
        ],
        [
          0.0,
          0.0,
          0.0,
          1.0
        ]
      ]
    },
    {
      "file_path": "./images/img_064",
      "transform_matrix": [
        [
          -0.7705132427757893,
          0.1545980257668515,
          -0.6183921030674061,
          -2.549695958994758
        ],
        [
          0.0,
          0.9701425001453318,
          0.24253562503633297,
          1.0
        ],
        [
          0.6374239897486895,
          0.18687691093539782,
          -0.7475076437415914,
          -3.0820529711031575
        ],
        [
          0.0,
          0.0,
          0.0,
          1.0
        ]
      ]
    },
    {
      "file_path": "./images/img_065",
      "transform_matrix": [
        [
          -0.8090169943749473,
          0.14255886355189368,
          -0.5702354542075747,
          -2.351141009169893
        ],
        [
          0.0,
          0.9701425001453319,
          0.24253562503633297,
          1.0
        ],
        [
          0.5877852522924732,
          0.19621544239574332,
          -0.7848617695829733,
          -3.2360679774997894
        ],
        [
          0.0,
          0.0,
          0.0,
          1.0
        ]
      ]
    },
    {
      "file_path": "./images/img_066",
      "transform_matrix": [
        [
          -0.8443279255020153,
          0.12995708663144592,
          -0.5198283465257837,
          -2.1433071799159853
        ],
        [
          0.0,
          0.9701425001453319,
          0.24253562503633297,
          1.0
        ],
        [
          0.5358267949789963,
          0.20477960114726165,
          -0.8191184045890466,
          -3.377311702008061
        ],
        [
          0.0,
          0.0,
          0.0,
          1.0
        ]
      ]
    },
    {
      "file_path": "./images/img_067",
      "transform_matrix": [
        [
          -0.8763066800438636,
          0.11684242846180937,
          -0.46736971384723747,
          -1.927014696406861
        ],
        [
          0.0,
          0.9701425001453319,
          0.24253562503633297,
          1.0
        ],
        [
          0.48175367410171527,
          0.2125355883679523,
          -0.8501423534718092,
          -3.5052267201754543
        ],
        [
          0.0,
          0.0,
          0.0,
          1.0
        ]
      ]
    },
    {
      "file_path": "./images/img_068",
      "transform_matrix": [
        [
          -0.9048270524660198,
          0.10326664660726183,
          -0.4130665864290473,
          -1.7031171662602886
        ],
        [
          0.0,
          0.9701425001453319,
          0.24253562503633297,
          1.0
        ],
        [
          0.42577929156507216,
          0.21945279471962895,
          -0.8778111788785158,
          -3.619308209864079
        ],
        [
          0.0,
          0.0,
          0.0,
          1.0
        ]
      ]
    },
    {
      "file_path": "./images/img_069",
      "transform_matrix": [
        [
          -0.9297764858882515,
          0.08928331847659882,
          -0.35713327390639527,
          -1.4724982107387112
        ],
        [
          0.0,
          0.9701425001453319,
          0.24253562503633297,
          1.0
        ],
        [
          0.3681245526846778,
          0.2255039211489923,
          -0.9020156845959691,
          -3.719105943553006
        ],
        [
          0.0,
          0.0,
          0.0,
          1.0
        ]
      ]
    },
    {
      "file_path": "./images/img_070",
      "transform_matrix": [
        [
          -0.9510565162951535,
          0.0749476298775769,
          -0.2997905195103076,
          -1.2360679774997902
        ],
        [
          0.0,
          0.9701425001453319,
          0.24253562503633297,
          1.0
        ],
        [
          0.30901699437494756,
          0.23066508662452245,
          -0.9226603464980898,
          -3.804226065180614
        ],
        [
          0.0,
          0.0,
          0.0,
          1.0
        ]
      ]
    },
    {
      "file_path": "./images/img_071",
      "transform_matrix": [
